     1        0   129600   0.000
     2    12510   129600   0.010
     3    25019   129600   0.020
     4    37528   129600   0.030
     5    50037   129600   0.040
     6    62546   129600   0.050
     7    75055   129600   0.060
     8    87564   129600   0.070
     9   100073   129600   0.080
    10   112582   129600   0.090
    11   125091   129600   0.100
    12   137600   129600   0.110
    13   150109   129600   0.120
    14   162618   131476   0.130
    15   175127   131476   0.140
    16   187636   131476   0.150
    17   200145   131476   0.160
    18   212654   131476   0.170
    19   225163   131476   0.180
    20   237672   131476   0.190
    21   250181   131476   0.200
    22   262690   131476   0.210
    23   275199   131476   0.220
    24   287708   131476   0.230
    25   300217   131476   0.240
    26   312726   134508   0.250
    27   325235   134508   0.260
    28   337744   134508   0.270
    29   350253   134508   0.280
    30   362762   134508   0.290
    31   375271   134508   0.300
    32   387780   134508   0.310
    33   400289   134508   0.320
    34   412798   134508   0.330
    35   425307   134508   0.340
    36   437816   134508   0.350
    37   450325   134508   0.360
    38   462834   134508   0.370
    39   475343   137865   0.380
    40   487852   137865   0.390
    41   500361   137865   0.400
    42   512870   137865   0.410
    43   525379   137865   0.420
    44   537888   137865   0.430
    45   550397   137865   0.440
    46   562906   137865   0.450
    47   575415   137865   0.460
    48   587924   137865   0.470
    49   600433   137865   0.480
    50   612942   137865   0.490
    51   625451   141535   0.500
    52   637960   141535   0.510
    53   650469   141535   0.520
    54   662978   141535   0.530
    55   675487   141535   0.540
    56   687996   141535   0.550
    57   700505   141535   0.560
    58   713014   141535   0.570
    59   725523   141535   0.580
    60   738032   141535   0.590
    61   750541   141535   0.600
    62   763050   141535   0.610
    63   775559   141535   0.620
    64   788068   145471   0.630
    65   800577   145471   0.640
    66   813086   145471   0.650
    67   825595   145471   0.660
    68   838104   145471   0.670
    69   850613   145471   0.680
    70   863122   145471   0.690
    71   875631   145471   0.700
    72   888140   145471   0.710
    73   900649   145471   0.720
    74   913158   145471   0.730
    75   925667   145471   0.740
    76   938176   149396   0.750
    77   950685   149396   0.760
    78   963194   149396   0.770
    79   975703   149396   0.780
    80   988212   149396   0.790
    81  1000721   149396   0.800
    82  1013230   149396   0.810
    83  1025739   149396   0.820
    84  1038248   149396   0.830
    85  1050757   149396   0.840
    86  1063266   149396   0.850
    87  1075775   149396   0.860
    88  1088284   153377   0.870
    89  1100793   153377   0.880
    90  1113302   153377   0.890
    91  1125811   153377   0.900
    92  1138320   153377   0.910
    93  1150829   153377   0.920
    94  1163338   153377   0.930
    95  1175847   153377   0.940
    96  1188356   153377   0.950
    97  1200865   153377   0.960
    98  1213374   153377   0.970
    99  1225883   153377   0.980
   100  1238392   157618   0.990
   101  1250901   157618   1.000
   102  1263410   157618   1.010
   103  1275919   157618   1.020
   104  1288428   157618   1.030
   105  1300937   157618   1.040
   106  1313446   157618   1.050
   107  1325955   157618   1.060
   108  1338464   157618   1.070
   109  1350973   157618   1.080
   110  1363482   157618   1.090
   111  1375991   157618   1.100
   112  1388500   161896   1.110
   113  1401009   161896   1.120
   114  1413518   161896   1.130
   115  1426027   161896   1.140
   116  1438536   161896   1.150
   117  1451045   161896   1.160
   118  1463554   161896   1.170
   119  1476063   161896   1.180
   120  1488572   161896   1.190
   121  1501081   161896   1.200
   122  1513590   161896   1.210
   123  1526099   161896   1.220
   124  1538608   166471   1.230
   125  1551117   166471   1.240
   126  1563626   166471   1.250
   127  1576135   166471   1.260
   128  1588644   166471   1.270
   129  1601153   166471   1.280
   130  1613662   166471   1.290
   131  1626171   166471   1.300
   132  1638680   166471   1.310
   133  1651189   166471   1.320
   134  1663698   166471   1.330
   135  1676207   166471   1.340
   136  1688716   166471   1.350
   137  1701225   170881   1.360
   138  1713734   170881   1.370
   139  1726243   170881   1.380
   140  1738752   170881   1.390
   141  1751261   170881   1.400
   142  1763770   170881   1.410
   143  1776279   170881   1.420
   144  1788788   170881   1.430
   145  1801297   170881   1.440
   146  1813806   170881   1.450
   147  1826315   170881   1.460
   148  1838824   170881   1.470
   149  1851333   175454   1.480
   150  1863842   175454   1.490
   151  1876351   175454   1.500
   152  1888860   175454   1.510
   153  1901369   175454   1.520
   154  1913878   175454   1.530
   155  1926387   175454   1.540
   156  1938896   175454   1.550
   157  1951405   175454   1.560
   158  1963914   175454   1.570
   159  1976423   175454   1.580
   160  1988932   175454   1.590
   161  2001441   179970   1.600
   162  2013950   179970   1.610
   163  2026459   179970   1.620
   164  2038968   179970   1.630
   165  2051477   179970   1.640
   166  2063986   179970   1.650
   167  2076495   179970   1.660
   168  2089004   179970   1.670
   169  2101513   179970   1.680
   170  2114022   179970   1.690
   171  2126531   179970   1.700
   172  2139040   179970   1.710
   173  2151549   179970   1.720
   174  2164058   184743   1.730
   175  2176567   184743   1.740
   176  2189076   184743   1.750
   177  2201585   184743   1.760
   178  2214094   184743   1.770
   179  2226603   184743   1.780
   180  2239112   184743   1.790
   181  2251621   184743   1.800
   182  2264130   184743   1.810
   183  2276639   184743   1.820
   184  2289148   184743   1.830
   185  2301657   184743   1.840
   186  2314166   189408   1.850
   187  2326675   189408   1.860
   188  2339184   189408   1.870
   189  2351693   189408   1.880
   190  2364202   189408   1.890
   191  2376711   189408   1.900
   192  2389220   189408   1.910
   193  2401729   189408   1.920
   194  2414238   189408   1.930
   195  2426747   189408   1.940
   196  2439256   189408   1.950
   197  2451765   189408   1.960
   198  2464274   189408   1.970
   199  2476783   194113   1.980
   200  2489292   194113   1.990
   201  2501801   194113   2.000
   202  2514310   194113   2.010
   203  2526819   194113   2.020
   204  2539328   194113   2.030
   205  2551837   194113   2.040
   206  2564346   194113   2.050
   207  2576855   194113   2.060
   208  2589364   194113   2.070
   209  2601873   194113   2.080
   210  2614382   194113   2.090
   211  2626891   198773   2.100
   212  2639400   198773   2.110
   213  2651909   198773   2.120
   214  2664418   198773   2.130
   215  2676927   198773   2.140
   216  2689436   198773   2.150
   217  2701945   198773   2.160
   218  2714454   198773   2.170
   219  2726963   198773   2.180
   220  2739472   198773   2.190
   221  2751981   198773   2.200
   222  2764490   198773   2.210
   223  2776999   198773   2.220
   224  2789508   203861   2.230
   225  2802017   203861   2.240
   226  2814526   203861   2.250
   227  2827035   203861   2.260
   228  2839544   203861   2.270
   229  2852053   203861   2.280
   230  2864562   203861   2.290
   231  2877071   203861   2.300
   232  2889580   203861   2.310
   233  2902089   203861   2.320
   234  2914598   203861   2.330
   235  2927107   203861   2.340
   236  2939616   208613   2.350
   237  2952125   208613   2.360
   238  2964634   208613   2.370
   239  2977143   208613   2.380
   240  2989652   208613   2.390
   241  3002161   208613   2.400
   242  3014670   208613   2.410
   243  3027179   208613   2.420
   244  3039688   208613   2.430
   245  3052197   208613   2.440
   246  3064706   208613   2.450
   247  3077215   208613   2.460
   248  3089724   208613   2.470
   249  3102233   213410   2.480
   250  3114742   213410   2.490
   251  3127251   213410   2.500
   252  3139760   213410   2.510
   253  3152269   213410   2.520
   254  3164778   213410   2.530
   255  3177287   213410   2.540
   256  3189796   213410   2.550
   257  3202305   213410   2.560
   258  3214814   213410   2.570
   259  3227323   213410   2.580
   260  3239832   213410   2.590
   261  3252341   218193   2.600
   262  3264850   218193   2.610
   263  3277359   218193   2.620
   264  3289868   218193   2.630
   265  3302377   218193   2.640
   266  3314886   218193   2.650
   267  3327395   218193   2.660
